Training errors for final model (block level):
{'accuracy': 0.99960252445444053,
 'f1': 0.99919343733401533,
 'precision': 0.99933105103687092,
 'recall': 0.99905586152635717}

Test errors for final model (block level):
{'accuracy': 0.89056809905316825,
 'f1': 0.64719694746110934,
 'precision': 0.77070954211814047,
 'recall': 0.55780419934227166}
