Training errors for final model (block level):
{'accuracy': 0.99948619014842321,
 'f1': 0.99939039118482653,
 'precision': 1.0,
 'recall': 0.99878152516265495}

Test errors for final model (block level):
{'accuracy': 0.91469410050983246,
 'f1': 0.87341259119156978,
 'precision': 0.88187150456963581,
 'recall': 0.86511441188277804}
