Training errors for final model (block level):
{'accuracy': 0.9204016804789045,
 'f1': 0.9404366736699382,
 'precision': 0.9170907130454687,
 'recall': 0.9650022976848844}
Test errors for final model (block level):
{'accuracy': 0.8950754751573672,
 'f1': 0.915453950945091,
 'precision': 0.8719096486126484,
 'recall': 0.9635762001318621}