Training errors for final model (block level):
{'accuracy': 0.9052602415469156,
 'f1': 0.86484139122908,
 'precision': 0.8726660744895444,
 'recall': 0.8571557796569614}
Test errors for final model (block level):
{'accuracy': 0.9226621035262482,
 'f1': 0.8950188977266318,
 'precision': 0.8746076422215882,
 'recall': 0.9164056182600246}